[0, 0, 13, 6, [255, 255, 255], "12-10-2018"]
[0, 0, 13, 7, [255, 255, 255], "12-10-2018"]
[0, 0, 13, 10, [255, 255, 255], "12-10-2018"]
[0, 0, 13, 11, [255, 255, 255], "12-10-2018"]
[0, 0, 12, 11, [255, 255, 255], "12-10-2018"]
[0, 0, 12, 13, [255, 255, 255], "12-10-2018"]
[0, 0, 11, 13, [255, 255, 255], "12-10-2018"]
[0, 0, 11, 14, [255, 255, 255], "12-10-2018"]
[0, 0, 11, 16, [255, 255, 255], "12-10-2018"]
[0, 0, 11, 17, [255, 255, 255], "12-10-2018"]
[0, 0, 10, 18, [255, 255, 255], "12-10-2018"]
[0, 0, 9, 19, [255, 255, 255], "12-10-2018"]
[0, 0, 9, 20, [255, 255, 255], "12-10-2018"]
[0, 0, 9, 21, [255, 255, 255], "12-10-2018"]
[0, 0, 10, 21, [255, 255, 255], "12-10-2018"]
[0, 0, 11, 21, [255, 255, 255], "12-10-2018"]
[0, 0, 13, 21, [255, 255, 255], "12-10-2018"]
[0, 0, 14, 21, [255, 255, 255], "12-10-2018"]
[0, 0, 14, 22, [255, 255, 255], "12-10-2018"]
[0, 0, 15, 22, [255, 255, 255], "12-10-2018"]
[0, 0, 16, 22, [255, 255, 255], "12-10-2018"]
[0, 0, 17, 22, [255, 255, 255], "12-10-2018"]
[0, 0, 18, 22, [255, 255, 255], "12-10-2018"]
[0, 0, 19, 22, [255, 255, 255], "12-10-2018"]
[0, 0, 21, 21, [255, 255, 255], "12-10-2018"]
[0, 0, 23, 20, [255, 255, 255], "12-10-2018"]
[0, 0, 24, 20, [255, 255, 255], "12-10-2018"]
[0, 0, 25, 19, [255, 255, 255], "12-10-2018"]
[0, 0, 26, 18, [255, 255, 255], "12-10-2018"]
[0, 0, 26, 17, [255, 255, 255], "12-10-2018"]
[0, 0, 27, 16, [255, 255, 255], "12-10-2018"]
[0, 0, 27, 14, [255, 255, 255], "12-10-2018"]
[0, 0, 28, 13, [255, 255, 255], "12-10-2018"]
[0, 0, 28, 12, [255, 255, 255], "12-10-2018"]
[0, 0, 28, 11, [255, 255, 255], "12-10-2018"]
[0, 0, 28, 9, [255, 255, 255], "12-10-2018"]
[0, 0, 27, 7, [255, 255, 255], "12-10-2018"]
[0, 0, 27, 6, [255, 255, 255], "12-10-2018"]
[0, 0, 26, 5, [255, 255, 255], "12-10-2018"]
